1931031201005200000                      NEWCHWANG  NEWCHWANG     ps 181  122.03  40.40 1015.60   1.00 1015.60 0 -0.364E+01  0.124E+01 -0.835E+00  0.509E+01  0.554E+00  1.4400  0.9972  0.9972 0.444888 0.00 3750.74 3.75074 0
1931031201005201000                         TANGKU  TANGKU        ps 181  117.11  39.06 1016.50   1.00 1016.50 0 -0.488E+01  0.453E+01  0.257E+01  0.468E+01  0.725E+00  1.4400  0.8733  2.1779 0.157798 0.60 3940.67 3.94067 0
1931031201005202000                           WUHU  WUHU          ps 181  118.21  31.20 1020.70   1.00 1020.70 0  0.000E+00  0.179E+01  0.670E+00  0.976E+00  0.999E-01  1.4400  0.8768  0.8768 0.876152 0.00 1846.59 1.84659 0
1931031201005203000                           AMOY  AMOY          ps 181  118.04  24.26 1024.80   1.00 1024.80 0  0.178E+01  0.240E+01  0.103E+01  0.641E+00  0.586E-01  1.4400  0.9294  0.9294 0.930447 0.00 1174.94 1.17494 0
1931031201005204000                         OCKSEU  OCKSEU        ps 181  119.27  25.00 1015.30   1.00 1015.30 0  0.000E+00  0.124E+01 -0.171E+00  0.680E+00  0.622E-01  1.4400  0.8827  0.8827 0.916681 0.00 1362.85 1.36285 0
1931031201005206000                        CHINHAI  CHINHAI       ps 181  121.33  29.53 1024.40   1.00 1024.40 0  0.000E+00  0.164E+01 -0.297E-01  0.108E+01  0.925E-01  1.4400  1.1124  1.1124 0.912780 0.00 1413.78 1.41378 0
1931031201005207000                         YOCHOW  YOCHOW        ps 181  113.10  29.24 1012.20   1.00 1012.20 0  0.000E+00 -0.106E+01 -0.106E+01  0.120E+01  0.165E+00  1.4400  0.8721  0.9025 0.785023 0.03 2634.65 2.63465 0
1931031201005208000                     SE PRMNTRY  SE PROMONTOR  ps 181  122.32  36.54 1014.90   1.00 1014.90 0 -0.206E+01 -0.292E+00 -0.471E+00  0.239E+01  0.260E+00  1.4400  0.8831  0.8831 0.328448 0.00 3860.75 3.86075 0
1931031201005210000                     SHAWEISHAN  SHAWEISHAN    ps 181  122.14  31.25 1015.00   1.00 1015.00 0 -0.317E+01  0.188E+01  0.181E+00  0.126E+01  0.983E-01  1.4400  0.9406  0.9406 0.782725 0.00 2650.25 2.65025 0
1931031201005211000                        LAMOCKS  LAMOCKS       ps 181  117.17  23.16 1016.80   1.00 1016.80 0  0.752E+00  0.249E+01  0.122E+01  0.560E+00  0.624E-01  1.4400  0.9172  1.0610 0.898785 0.14 1588.58 1.58858 0
1931031201005212000                        WOOSUNG  WOOSUNG       ps 181  121.30  31.21 1024.00   1.00 1024.00 0  0.183E-03  0.180E+01  0.169E+00  0.136E+01  0.111E+00  1.4400  0.8650  0.8650 0.485207 0.00 3695.07 3.69507 0
1931031201005213000                         CHEFOO  CHEFOO        ps 181  121.22  37.33 1012.60   1.00 1012.60 0 -0.257E+01 -0.162E+01 -0.185E+01  0.281E+01  0.218E+00  1.4400  0.9829  1.6659 0.796784 0.41 2551.96 2.55196 0
1931031201005214000                   STEEP ISLAND  STEEP ISLAND  ps 181  122.35  30.13 1017.10   1.00 1017.10 0 -0.126E+01  0.275E+01  0.908E+00  0.105E+01  0.769E-01  1.4400  0.9568  0.9568 0.920151 0.00 1316.70 1.31670 0
1931031201005217000                        SAMSHUI  SAMSHUI       ps 181  112.54  23.06 1017.30   1.00 1017.30 0 -0.302E+01  0.116E+01  0.389E+00  0.863E+00  0.119E+00  1.4400  1.0434  1.0434 0.857124 0.00 2042.02 2.04202 0
1931031201005218000                        WENCHOW  WENCHOW       ps 181  120.38  28.01 1025.00   1.00 1025.00 0 -0.122E-03  0.232E+01  0.700E+00  0.105E+01  0.159E+00  1.4400  1.4677  1.4677 0.862381 0.00 1989.87 1.98987 0
1931031201005219000                         WUCHOW  WUCHOW        ps 181  111.17  23.38 1023.40   1.00 1023.40 0  0.356E+01  0.861E+00  0.373E+00  0.101E+01  0.163E+00  1.4400  1.1416  1.1416 0.826223 0.00 2322.33 2.32233 0
1931031201005220000                          AIGUN  AIGUN         ps 181  127.38  49.50  994.20   1.00  994.20 0 -0.602E+01  0.158E+01 -0.319E+00  0.333E+01  0.411E+00  1.4400  1.1245  1.1245 0.568570 0.00 3537.38 3.53738 0
1931031201005221000                     MIDDLE DOG  MIDDLE DOG    ps 181  119.59  25.58 1020.70   1.00 1020.70 0  0.414E+01  0.142E+01 -0.919E-01  0.767E+00  0.751E-01  1.4400  0.9095  0.9095 0.757428 0.00 2810.62 2.81062 0
1931031201005222000                      TUNG YUNG  TUNG YUNG     ps 181  120.30  26.33 1012.00   1.00 1012.00 0  0.600E+00  0.170E+01  0.595E-01  0.791E+00  0.795E-01  1.4400  0.9317  0.9317 0.845662 0.00 2151.08 2.15108 0
1931031201005223000                      TUNG YUEH  TUNG YUEH     ps 181   98.40  25.00  839.70   1.00  839.70 0  0.158E+01  0.122E+01  0.722E+00  0.672E+00  0.367E+00  1.4400  1.0109  1.0109 0.617442 0.00 3409.33 3.40933 0
1931031201005224000                          LAMKO  LAMKO         ps 181  109.42  20.00 1019.70   1.00 1019.70 0  0.228E+01  0.529E+00 -0.105E+00  0.899E+00  0.131E+00  1.4400  0.8765  0.8765 0.676554 0.00 3206.21 3.20621 0
1931031201005225000                      PEIYUSHAN  PEIYUSHAN     ps 181  122.16  28.53 1013.70   1.00 1013.70 0 -0.172E+01  0.198E+01  0.967E-01  0.855E+00  0.792E-01  1.4400  0.9879  0.9879 0.909449 0.00 1456.51 1.45651 0
1931031201005226000                      TURNABOUT  TURNABOUT     ps 181  119.56  25.26 1013.00   1.00 1013.00 0 -0.136E+01  0.282E+00 -0.117E+01  0.714E+00  0.679E-01  1.4400  0.8920  1.0005 0.885077 0.11 1748.32 1.74832 0
1931031201005227000                  CHAPEL ISLAND  CHAPEL ISLAN  ps 181  118.30  24.10 1017.80   1.00 1017.80 0  0.114E+01  0.216E+01  0.821E+00  0.614E+00  0.600E-01  1.4400  0.9409  0.9409 0.934647 0.00 1114.99 1.11499 0
1931031201005228000                   PAGODA ANCH.  PAGODA ANCHO  ps 181  119.27  25.59 1024.00   1.00 1024.00 0  0.240E+01  0.171E+01  0.220E+00  0.781E+00  0.862E-01  1.4400  1.1383  1.1383 0.904558 0.00 1517.95 1.51795 0
1931031201005229000                     NE PRMNTRY  NE PROMONTOR  ps 181  121.42  37.24 1010.50   1.00 1010.50 0 -0.208E+01  0.172E+01  0.146E+01  0.263E+01  0.192E+00  1.4400  0.8813  1.2428 0.710410 0.29 3059.79 3.05979 0
1931031201005230000                         SWATOW  SWATOW        ps 181  116.40  23.21 1021.60   1.00 1021.60 0  0.177E+01 -0.620E-01 -0.132E+01  0.585E+00  0.674E-01  1.4400  1.0024  1.1968 0.922914 0.16 1279.37 1.27937 0
1931031201005231000                       KIUKIANG  KIUKIANG      ps 181  116.08  29.45 1021.30   1.00 1021.30 0  0.419E+01  0.337E+00 -0.173E+00  0.951E+00  0.145E+00  1.4400  0.9103  0.9103 0.816057 0.00 2405.47 2.40547 0
1931031201005232000                   NORTH SADDLE  NORTH SADDLE  ps 181  122.40  30.52 1014.90   1.00 1014.90 0 -0.133E+01  0.194E+01  0.132E+00  0.110E+01  0.809E-01  1.4400  0.9706  0.9706 0.897022 0.00 1609.74 1.60974 0
1931031201005233000                       GUTZLAFF  GUTZLAFF      ps 181  122.10  30.49 1015.40   1.00 1015.40 0 -0.158E+01  0.312E+01  0.132E+01  0.112E+01  0.833E-01  1.4400  0.9704  1.1826 0.881500 0.18 1788.23 1.78823 0
1931031201005234000                       CHANGSHA  CHANGSHA      ps 181  112.47  28.12 1019.40   1.00 1019.40 0  0.346E+01  0.415E+00  0.448E+00  0.130E+01  0.209E+00  1.4400  0.9276  0.9276 0.580452 0.00 3509.07 3.50907 0
1931031201005235000                    BREAKER PNT  BREAKER POIN  ps 181  116.30  22.56 1025.20   1.00 1025.20 1  0.233E+01  0.488E+01  0.365E+01  0.536E+00  0.615E-01  1.4400 99.9999 99.9999 0.999000 0.00 4000.00 4.00000 1
1931031201005236000                         CANTON  CANTON        ps 181  113.18  23.06 1023.70   1.00 1023.70 0  0.340E+01  0.946E+00  0.938E-01  0.829E+00  0.110E+00  1.4400  0.9459  0.9459 0.779568 0.00 2671.39 2.67139 0
1931031201005237000                         HANKOW  HANKOW        ps 181  114.18  30.35 1020.00   1.00 1020.00 0  0.930E+00  0.223E+00 -0.628E-01  0.108E+01  0.162E+00  1.4400  0.8716  0.8716 0.702980 0.00 3094.08 3.09408 0
1931031201005238000                         ANTUNG  ANTUNG        ps 181  124.23  40.09 1019.90   1.00 1019.90 0 -0.122E+01  0.331E+01  0.124E+01  0.365E+01  0.519E+00  1.4400  1.0580  1.1673 0.283594 0.09 3888.72 3.88872 0
1931031201005239000                          HOWKI  HOWKI         ps 181  120.39  38.04 1003.40   1.00 1003.40 0 -0.306E+01  0.520E+00 -0.128E+00  0.325E+01  0.316E+00  1.4400  0.9401  0.9401 0.555525 0.00 3566.59 3.56659 0
1931031201005240000                  CHILANG POINT  CHILANG POIN  ps 181  115.40  22.40 1020.20   1.00 1020.20 0  0.211E+01  0.142E+01  0.256E+00  0.534E+00  0.591E-01  1.4400  0.8962  0.8962 0.909679 0.00 1453.58 1.45358 0
1931031201005241000                      CHINKIANG  CHINKIANG     ps 181  119.27  32.13 1020.50   1.00 1020.50 0  0.183E-03  0.747E+00 -0.550E+00  0.132E+01  0.136E+00  1.4400  0.8663  0.8663 0.691309 0.00 3145.43 3.14543 0
1931031202005205000                         PAKHOI  PAKHOI        ps 181  109.05  21.28 1020.40   2.00 1020.40 0  0.238E+01 -0.642E+00 -0.105E+01  0.112E+01  0.173E+00  1.4400  0.8789  0.8989 0.470833 0.02 3716.22 3.71622 0
1931031202005209000                      CHUNGKING  CHUNGKING     ps 181  106.33  29.33 1000.40   2.00 1000.40 0  0.722E+01 -0.211E+01 -0.807E+00  0.294E+01  0.593E+00  1.4400  1.2364  1.2364 0.303620 0.00 3877.00 3.87700 0
1931031202005215000                         ICHANG  ICHANG        ps 181  111.13  30.43  998.60   2.00  998.60 0 -0.886E+01 -0.847E+00 -0.595E+00  0.184E+01  0.380E+00  1.4400  1.6541  1.6541 0.749817 0.00 2855.03 2.85503 0
1931031202005216000                      KIUNGCHOW  kiungchow     ps 181  110.16  20.01 1022.50   2.00 1022.50 0  0.366E+01  0.124E+01  0.500E+00  0.861E+00  0.143E+00  1.4400  0.8944  0.8944 0.792104 0.00 2585.44 2.58544 0
